20030351lky

18321883317
19217070683
19284430324
19220243312
19260254934
19211072264
19224889807
15271680443
19201138740
18487117637
19284432615
18487298434
19260236851
19217040706
18986103634
19260271565
19260194845
19260237173
19220216287
18582480167
19260214485
19271026058
19211027580
19260229782
19222698572
19211064690
19290182832
19260159423
19210765571
19260165896
19260154284
19260157687
13313047094
19253531761
17395878701



17819461984
19260296922
19260157689
19220214835
13049895372
19260268102
19260284708
19210748048
19223017147
19260276256
19260165634
19260155879
19260290523
19260055195
19260071637
19293455384
18524243712
19221401564
18621654929
19221404609
19284432492
19221404556
19221404802
19221404039
19261102637
19253599046
19251017592
13641744316
19253599072
19221404113
19221405729
19253598971
19221404424
19221404373
19284432387
19222697129
19221403445
19251056491
19221405301
19221404389
19221404834
19261101265
19221405116
19222698570
19261101948
19221403386
19222697110
19251055040
19222697477
19221405099
19221400949
19221401684
19222698574
19221404232
19821919320
19222698573
13036320974
19222698575
17337369158
19179068911
19325074050
19253599534
19221401592
19293455278
19221403951
19261102690
19251056149
15272794271
19284432315
19221405058
19221404506
19221404549
19221404964
19221404233
19221405671
19221405118
19261101823
19221404021
19221404049
19221404839
19251017053
19221405124
13402049522
13017399917
19221403942
13122619013
19221404520
19284430472
19251024662
19221403426
19221405055
19253598687
18937903532
19221404056
19261102577
19284432314
19253599154
19170633136
19221401356
17821984985
17602527926
19221404732
19222698576
19261101362
19251024589
19221405761
19284430291
17742735595
19222698578
13255266297
19251056481
19253599284
19221404687
19253599744
19253599713
19253599324
19284432595
19221404416
19922142376
19284430470
15821040254
19221404958
19261101074
19284431325
19261102013
18032066257
19222698579
19916052699
19261101648
13020132435
19222698577
19293455148
13385178442
19221404553
19253598137
19293453863
13062796728
15171304426
19253598994
19222698580
17265763467
19251017579
19284432637
19221401282
19221405037
19284430439
19221404415
19221401659
19261102358
13764555561
19221405072
15272785049
19293457693
19222697520
19079532982
19222697471
15573196102
13564592447
18217493871
18524243862
13255266037
19221404983
19221401865
19821922783
19221401749
13017283198
13524501467
19251055214
19261102609
13080557995
18302100736
19222696868
19261101659
19221405093
18721440079
19261102404
19221404165
19261101549
19221404860
15221545747
19221404559
19284432623
13761792414
19261102039
19222698581
18621527503
18524243868
15528444998
18616292141
19222698375
17349219370
19222698408
19293451933
13764754629
19261102652
19222698583
19221404269
19221404827
13764556305
19251024294
19221404544
15221204924
15395723707
19221404758
18984668539
15350494895
19221405114
19221401228
19253598595
13472469334
19293457635
15121127450
19251013244
19251024524
19261102435
17623145199
19170633136
19221405163
19222698396
18079993427
19221404055
18580741048
18721628843
15216879474
19221405059
19222698391
19284432629
19293458037
13122620593
13052027547
15524304695
19221405127
17320776730
19261102359
19221403420
19261102346
19251021924
18084553882
13260917285
13020109324
19221401205
18217497734
19253598713
19261101351
19251010145
19293455313
19261101867
13788912464
15575100739
19261102642
13271963651
19253599404
15271681547
18972004994
19253599424
19221404830
18972842448
13482194153
19261101708
15021735546
19253599812
19261101091
19293452084
18272110157
19293453769
19261102610
19221405053
19221405631
13013604702
15821102493
19221401812
18931894103
19261101634
19222697156
19222698587
18721429649
19970405726
19221404706
19261102625
19222698115
19221404255
19192921682
19253599568
19221401803
19261101159
19221404568
19221404281
19261101950
19284431336
19251018526
19253571285
19284430434
18321832541
19191726818
19261102659
19253599730
19261102251
19821922773
19222697401
18920161007
19253597685
19221404431
19293457570
15573192850
19221404058
19253597715
19251014942
19221404302
15902163642
19253599455
19221404576
19261101598
19261102312
15573188797
19261101981
19261101906
19221401490
19261101470
19261101472
19284430592
19261101810
19221404760
19221405121
15271688145
17582498254
15573190761
17382838141
19222698588
13054161979
19221404314
18217457909
13072192027
17821964091
19222697457
19251056482
19253599135
15001775346
18721417807
19293458278
19261101732
18202174552
13995892149
19221404550
19221401663
19293457922
19221403534
19221404541
13524501748
19261101459
17821944337
19221404315
19222698116
19221404734
19138005997
15573188065
19284430478
18524241825
19261101859
19221404273
18523136728
19221404328
15221896420
19221401728
19284430750
19253598993
19221404560
15921163854
19293458026
19251024810
13482521434
17821836114
19261102670
13052062084
13072584754
19261101457
18502363576
19284430306
19261102726
13764557515
18524241812
19251055429
13032156835
19821919082
19222697424
19293458274
13027493006
17602527932
17334375960
18972004994
15214349674
19222698106
13052084016
18046780501
19251017825
17602526891
19251024358
19222697480
19293452106
13524506232
15026848435
13048496913
19222698591
19251016927
18721096045
13402000533
13122782676
19261101912
17334362543
13120538159
13164492836
19251016781
19251018599
19261101730
18321857093
19261102056
13042398618
19293452176
17334369847
18179615460
15575101709
19284430307
19293455246
19261102365
17379593286
19261101547
13323946348
18199623859
18321673961
19261101526
18580315372
13260718529
19309299103
18120367896
15389349044
13120812653
15575101169
13352336595
19293454939
13319417749
17321211081
19261102043
13641802831
19932760641
13564655917
19070932358
19261101173
19293457530
19222699083
19261101244
19261101742
19293458367
19261102186
19293452134
13052551765
17602526937
19261102294
18979517381
19222698105
13110238609
19293454835
13661642478
19251020548
15573188609
19222698104
19261101978
19261101407
19293454980
19222697451
19293452285
15523561681
19261102423
13255266508
19912130073
13564238624
13524714534
19293455103
19261101223
19222698520
19222698679
19261102310
13080567287
19222697120
19293452421
18221846825
19261101941
18032954309
19251024870
13482876339
13036783608
19251017996
13524505172
19261101162
17582494129
19138172149
19284432569
18059317678
13345163556
19261102290
19261101679
19261101389
13621966534
19970510129
19170633136
19261101315
17320776874
15921674231
19251024415
19261102242
17762753578
